0 0.109375 0.38636363636363635 0.0390625 0.031818181818181815
0 0.1552734375 0.4106060606060606 0.072265625 0.06363636363636363
0 0.19580078125 0.37272727272727274 0.0576171875 0.05
0 0.2548828125 0.5696969696969697 0.0634765625 0.07878787878787878
0 0.3212890625 0.38181818181818183 0.05859375 0.051515151515151514
0 0.3271484375 0.5613636363636364 0.072265625 0.0696969696969697
0 0.49365234375 0.4621212121212121 0.06640625 0.06212121212121212
0 0.47998046875 0.3704545454545455 0.03515625 0.03787878787878788
0 0.525390625 0.42348484848484846 0.056640625 0.06363636363636363
0 0.6591796875 0.4492424242424242 0.052734375 0.05303030303030303
0 0.72119140625 0.4446969696969697 0.05859375 0.05909090909090909
0 0.7880859375 0.41818181818181815 0.0634765625 0.06515151515151515
0 0.849609375 0.4 0.0498046875 0.05303030303030303
0 0.8935546875 0.42272727272727273 0.0380859375 0.04393939393939394
0 0.9404296875 0.42803030303030304 0.05859375 0.06060606060606061