0 0.0302734375 0.36642335766423356 0.060546875 0.08175182481751825
0 0.07421875 0.3445255474452555 0.0458984375 0.05547445255474453
0 0.169921875 0.3686131386861314 0.08203125 0.09927007299270073
0 0.51025390625 0.05474452554744526 0.0341796875 0.026277372262773723
0 0.5478515625 0.06861313868613139 0.037109375 0.035036496350364967
0 0.75927734375 0.010218978102189781 0.0234375 0.020437956204379562
0 0.77392578125 0.07226277372262774 0.025390625 0.030656934306569343
0 0.81201171875 0.07591240875912408 0.0322265625 0.032116788321167884
0 0.884765625 0.7291970802919708 0.1220703125 0.14452554744525548
0 0.84765625 0.02335766423357664 0.0234375 0.027737226277372264
0 0.87109375 0.01824817518248175 0.01953125 0.024817518248175182
0 0.96240234375 0.030656934306569343 0.0185546875 0.029197080291970802