0 0.015625 0.28308823529411764 0.03125 0.051470588235294115
0 0.05029296875 0.41911764705882354 0.1005859375 0.08676470588235294
0 0.0830078125 0.32941176470588235 0.05859375 0.08235294117647059
0 0.1865234375 0.24705882352941178 0.05078125 0.039705882352941174
0 0.26318359375 0.1698529411764706 0.03125 0.026470588235294117
0 0.34130859375 0.3948529411764706 0.0712890625 0.07352941176470588
0 0.36083984375 0.14044117647058824 0.01953125 0.01911764705882353
0 0.37548828125 0.22647058823529412 0.03515625 0.051470588235294115
0 0.4423828125 0.5602941176470588 0.1103515625 0.10147058823529412
0 0.3994140625 0.20220588235294118 0.0126953125 0.025
0 0.4208984375 0.15588235294117647 0.01953125 0.03235294117647059
0 0.45703125 0.12058823529411765 0.0224609375 0.01764705882352941
0 0.48583984375 0.15588235294117647 0.0322265625 0.029411764705882353
0 0.50390625 0.2125 0.03515625 0.03235294117647059
0 0.5107421875 0.15441176470588236 0.0224609375 0.03235294117647059
0 0.5595703125 0.16838235294117648 0.0146484375 0.008823529411764706
0 0.58984375 0.25073529411764706 0.037109375 0.051470588235294115
0 0.59716796875 0.12279411764705882 0.01171875 0.011764705882352941
0 0.6259765625 0.18308823529411763 0.0224609375 0.026470588235294117
0 0.7763671875 0.42205882352941176 0.07421875 0.06764705882352941
0 0.771484375 0.25588235294117645 0.017578125 0.014705882352941176
0 0.9267578125 0.6551470588235294 0.0966796875 0.09558823529411764