0 0.04296875 0.0212298682284041 0.0859375 0.0424597364568082
0 0.046875 0.31259150805270863 0.09375 0.2342606149341142
0 0.078125 0.15300146412884333 0.15625 0.25768667642752563
0 0.21240234375 0.9502196193265008 0.208984375 0.0951683748169839
0 0.2705078125 0.37481698389458273 0.2197265625 0.21522693997071743
0 0.294921875 0.8140556368960469 0.1806640625 0.26207906295754024
0 0.3798828125 0.5234260614934114 0.2158203125 0.21376281112737922
0 0.400390625 0.9524158125915081 0.1669921875 0.09370424597364568
0 0.466796875 0.8250366032210834 0.162109375 0.21961932650073207
0 0.51416015625 0.22035139092240116 0.1640625 0.2108345534407028
0 0.6171875 0.5358711566617862 0.2099609375 0.2591508052708638
0 0.65576171875 0.07613469985358712 0.2060546875 0.15226939970717424
0 0.779296875 0.8528550512445096 0.212890625 0.212298682284041
0 0.81201171875 0.05856515373352855 0.1171875 0.1171303074670571
0 0.93017578125 0.018301610541727673 0.138671875 0.036603221083455345
0 0.93603515625 0.19985358711566617 0.1259765625 0.23865300146412885
0 0.982421875 0.3916544655929722 0.0322265625 0.12445095168374817