0 0.02490234375 0.4779735682819383 0.0498046875 0.06167400881057269
0 0.05859375 0.5881057268722467 0.1142578125 0.1395007342143906
0 0.26416015625 0.473568281938326 0.044921875 0.05433186490455213
0 0.36572265625 0.5220264317180616 0.18359375 0.19236417033773862
0 0.447265625 0.4397944199706314 0.017578125 0.02936857562408223
0 0.525390625 0.41629955947136565 0.0146484375 0.027900146842878122
0 0.5517578125 0.4419970631424376 0.0244140625 0.024963289280469897
0 0.58251953125 0.46402349486049926 0.02734375 0.02643171806167401
0 0.5791015625 0.4104258443465492 0.017578125 0.027900146842878122
0 0.603515625 0.4052863436123348 0.0166015625 0.023494860499265784
0 0.66650390625 0.3920704845814978 0.021484375 0.024963289280469897
0 0.69580078125 0.4170337738619677 0.029296875 0.022026431718061675
0 0.76025390625 0.41262848751835535 0.0341796875 0.042584434654919234
0 0.90234375 0.4801762114537445 0.0771484375 0.07929515418502203
0 0.87841796875 0.3876651982378855 0.02734375 0.02936857562408223
0 0.9501953125 0.5374449339207048 0.095703125 0.08516886930983847
0 0.9716796875 0.37958883994126286 0.0283203125 0.02936857562408223