0 0.05322265625 0.31201171875 0.1064453125 0.0869140625
0 0.0537109375 0.123046875 0.107421875 0.0703125
0 0.0537109375 0.0380859375 0.107421875 0.076171875
0 0.0537109375 0.21484375 0.107421875 0.0869140625
0 0.056640625 0.40087890625 0.1123046875 0.078125
0 0.13720703125 0.18505859375 0.0546875 0.0673828125
0 0.14013671875 0.01904296875 0.056640625 0.0380859375
0 0.13916015625 0.3759765625 0.0537109375 0.0849609375
0 0.14013671875 0.27490234375 0.0556640625 0.0908203125
0 0.1416015625 0.09130859375 0.0537109375 0.078125
0 0.15087890625 0.43701171875 0.0263671875 0.01171875
0 0.5517578125 0.619140625 0.1083984375 0.0830078125
0 0.5634765625 0.04638671875 0.1279296875 0.0712890625
0 0.5595703125 0.7109375 0.1162109375 0.0732421875
0 0.5556640625 0.7998046875 0.1064453125 0.0849609375
0 0.5537109375 0.89892578125 0.0986328125 0.0849609375
0 0.5625 0.27978515625 0.1162109375 0.0859375
0 0.55224609375 0.974609375 0.08203125 0.0478515625
0 0.63623046875 0.77099609375 0.0556640625 0.0712890625
0 0.64111328125 0.85888671875 0.056640625 0.0849609375
0 0.63818359375 0.59326171875 0.048828125 0.06640625
0 0.640625 0.9560546875 0.044921875 0.0810546875
0 0.642578125 0.67919921875 0.0458984375 0.0810546875
0 0.6484375 0.283203125 0.033203125 0.0498046875
0 0.873046875 0.63525390625 0.078125 0.0439453125
0 0.8740234375 0.9462890625 0.0791015625 0.060546875
0 0.876953125 0.783203125 0.0830078125 0.052734375
0 0.9599609375 0.6181640625 0.076171875 0.0537109375
0 0.9599609375 0.9423828125 0.076171875 0.0498046875
0 0.96337890625 0.7880859375 0.0712890625 0.064453125