0 0.19677734375 0.142578125 0.3935546875 0.28515625
0 0.21875 0.517578125 0.0234375 0.013671875
0 0.29296875 0.50830078125 0.0234375 0.0205078125
0 0.365234375 0.52001953125 0.0234375 0.021484375
0 0.404296875 0.52978515625 0.0185546875 0.015625
0 0.466796875 0.517578125 0.0126953125 0.013671875
0 0.4970703125 0.525390625 0.015625 0.0107421875
0 0.52880859375 0.52099609375 0.013671875 0.0078125
0 0.55908203125 0.52001953125 0.0126953125 0.005859375
0 0.57763671875 0.5234375 0.0185546875 0.0107421875
0 0.5986328125 0.5224609375 0.0107421875 0.0048828125
0 0.61328125 0.525390625 0.0078125 0.013671875
0 0.6259765625 0.525390625 0.009765625 0.013671875
0 0.64208984375 0.52294921875 0.005859375 0.0029296875
0 0.669921875 0.52392578125 0.0126953125 0.0048828125
0 0.6943359375 0.52734375 0.013671875 0.009765625
0 0.701171875 0.53125 0.005859375 0.001953125
0 0.7138671875 0.525390625 0.0078125 0.0107421875