0 0.0078125 0.3040364583333333 0.015625 0.049479166666666664
0 0.05322265625 0.23177083333333334 0.021484375 0.022135416666666668
0 0.078125 0.2565104166666667 0.0205078125 0.020833333333333332
0 0.11962890625 0.23502604166666666 0.015625 0.010416666666666666
0 0.1640625 0.3274739583333333 0.0400390625 0.03125
0 0.1689453125 0.26953125 0.01953125 0.014322916666666666
0 0.17919921875 0.24153645833333334 0.015625 0.020833333333333332
0 0.208984375 0.2799479166666667 0.0244140625 0.02734375
0 0.2490234375 0.2662760416666667 0.025390625 0.03125
0 0.29248046875 0.3372395833333333 0.06640625 0.0546875
0 0.3017578125 0.271484375 0.0341796875 0.026041666666666668
0 0.56787109375 0.359375 0.0341796875 0.026041666666666668
0 0.67919921875 0.3001302083333333 0.064453125 0.057291666666666664
0 0.7958984375 0.4010416666666667 0.029296875 0.020833333333333332
0 0.85400390625 0.3984375 0.060546875 0.059895833333333336
0 0.95263671875 0.3684895833333333 0.05859375 0.041666666666666664