0 0.03125 0.658203125 0.0625 0.1015625
0 0.0791015625 0.6770833333333334 0.04296875 0.049479166666666664
0 0.26025390625 0.5240885416666666 0.025390625 0.01953125
0 0.3681640625 0.6315104166666666 0.0322265625 0.040364583333333336
0 0.45458984375 0.6302083333333334 0.0390625 0.04296875
0 0.55615234375 0.85546875 0.1923828125 0.18359375
0 0.5068359375 0.669921875 0.037109375 0.04296875
0 0.6142578125 0.7838541666666666 0.060546875 0.07421875
0 0.61865234375 0.4889322916666667 0.0244140625 0.01953125
0 0.63623046875 0.8567708333333334 0.0517578125 0.12369791666666667
0 0.64599609375 0.6985677083333334 0.060546875 0.06770833333333333
0 0.7666015625 0.7037760416666666 0.103515625 0.140625
0 0.81640625 0.654296875 0.0517578125 0.033854166666666664
0 0.900390625 0.892578125 0.197265625 0.2109375
0 0.89892578125 0.6809895833333334 0.0712890625 0.061197916666666664
0 0.91552734375 0.7317708333333334 0.0732421875 0.10026041666666667
0 0.94287109375 0.6373697916666666 0.0302734375 0.044270833333333336