0 0.04345703125 0.3176470588235294 0.0546875 0.03823529411764706
0 0.02783203125 0.37720588235294117 0.0126953125 0.016176470588235296
0 0.10888671875 0.3830882352941177 0.0185546875 0.027941176470588237
0 0.16943359375 0.3897058823529412 0.0322265625 0.026470588235294117
0 0.171875 0.37279411764705883 0.021484375 0.01911764705882353
0 0.3681640625 0.25588235294117645 0.130859375 0.15294117647058825
0 0.54736328125 0.19191176470588237 0.1220703125 0.1264705882352941
0 0.625 0.3382352941176471 0.0400390625 0.04264705882352941
0 0.73095703125 0.3360294117647059 0.01171875 0.01911764705882353
0 0.8330078125 0.3352941176470588 0.013671875 0.011764705882352941
0 0.96923828125 0.075 0.060546875 0.11029411764705882