0 0.04150390625 0.6002928257686676 0.078125 0.05856515373352855
0 0.1123046875 0.6727672035139092 0.0341796875 0.043923865300146414
0 0.1484375 0.6888726207906296 0.0166015625 0.01903367496339678
0 0.45263671875 0.6310395314787701 0.12890625 0.16544655929721816
0 0.58837890625 0.6771595900439239 0.0234375 0.027818448023426062
0 0.611328125 0.6705710102489019 0.0244140625 0.02342606149341142
0 0.658203125 0.5051244509516838 0.015625 0.008784773060029283
0 0.7109375 0.5146412884333821 0.0166015625 0.014641288433382138
0 0.7431640625 0.7064421669106882 0.064453125 0.10248901903367497
0 0.74853515625 0.5307467057101025 0.0078125 0.01171303074670571
0 0.7724609375 0.5256222547584187 0.01171875 0.007320644216691069
0 0.96923828125 0.6932650073206442 0.060546875 0.055636896046852125