0 0.0185546875 0.5130208333333334 0.037109375 0.057291666666666664
0 0.03369140625 0.4720052083333333 0.0673828125 0.07552083333333333
0 0.24169921875 0.4733072916666667 0.0478515625 0.03515625
0 0.30712890625 0.4947916666666667 0.06640625 0.045572916666666664
0 0.357421875 0.4485677083333333 0.01953125 0.026041666666666668
0 0.38623046875 0.4388020833333333 0.03125 0.02734375
0 0.58740234375 0.4609375 0.0283203125 0.028645833333333332
0 0.6552734375 0.5162760416666666 0.080078125 0.08203125
0 0.84375 0.50390625 0.0634765625 0.061197916666666664
0 0.923828125 0.5911458333333334 0.1123046875 0.09114583333333333
0 0.89697265625 0.4739583333333333 0.052734375 0.045572916666666664