0 0.048828125 0.875 0.09765625 0.1015625
0 0.2119140625 0.85400390625 0.1064453125 0.072265625
0 0.3291015625 0.830078125 0.0498046875 0.044921875
0 0.3583984375 0.82763671875 0.025390625 0.0341796875
0 0.41015625 0.79638671875 0.029296875 0.0283203125
0 0.4453125 0.80322265625 0.03125 0.0419921875
0 0.6298828125 0.75048828125 0.0419921875 0.0205078125
0 0.6865234375 0.71484375 0.0859375 0.0498046875
0 0.78125 0.728515625 0.068359375 0.0576171875
0 0.85107421875 0.72314453125 0.0439453125 0.037109375
0 0.85302734375 0.69140625 0.037109375 0.025390625
0 0.9306640625 0.67724609375 0.0341796875 0.025390625