0 0.11474609375 0.7220052083333334 0.02734375 0.036458333333333336
0 0.32177734375 0.7727864583333334 0.0458984375 0.045572916666666664
0 0.35205078125 0.9309895833333334 0.099609375 0.08723958333333333
0 0.35791015625 0.6673177083333334 0.0302734375 0.03515625
0 0.48828125 0.6829427083333334 0.0234375 0.037760416666666664
0 0.55859375 0.90234375 0.06640625 0.046875
0 0.78857421875 0.8802083333333334 0.0634765625 0.07291666666666667
0 0.78955078125 0.734375 0.0654296875 0.0703125
0 0.86767578125 0.8997395833333334 0.060546875 0.040364583333333336
0 0.87939453125 0.7447916666666666 0.0390625 0.03515625
0 0.94091796875 0.9140625 0.099609375 0.07942708333333333