0 0.12060546875 0.39527845036319614 0.232421875 0.16343825665859565
0 0.14892578125 0.33292978208232443 0.2333984375 0.09806295399515738
0 0.15673828125 0.0423728813559322 0.1083984375 0.0847457627118644
0 0.177734375 0.25786924939467315 0.1220703125 0.09806295399515738
0 0.2138671875 0.1234866828087167 0.111328125 0.08716707021791767
0 0.244140625 0.40375302663438256 0.0732421875 0.04116222760290557
0 0.30126953125 0.19249394673123488 0.1748046875 0.1440677966101695
0 0.34375 0.32506053268765134 0.09765625 0.09685230024213075
0 0.36474609375 0.36561743341404357 0.109375 0.10653753026634383
0 0.4111328125 0.1652542372881356 0.0849609375 0.06900726392251816
0 0.51123046875 0.2717917675544794 0.2470703125 0.13559322033898305
0 0.4755859375 0.1906779661016949 0.0478515625 0.03026634382566586
0 0.8779296875 0.11077481840193705 0.109375 0.06537530266343826
0 0.9306640625 0.19915254237288135 0.1181640625 0.1053268765133172