0 0.384765625 0.5725034199726402 0.197265625 0.17510259917920656
0 0.18994140625 0.10259917920656635 0.06640625 0.060191518467852256
0 0.3232421875 0.09712722298221614 0.0537109375 0.06976744186046512
0 0.37158203125 0.106703146374829 0.0654296875 0.06429548563611491
0 0.50439453125 0.4158686730506156 0.1181640625 0.09165526675786594
0 0.51904296875 0.3180574555403557 0.0859375 0.08207934336525308
0 0.55078125 0.03898768809849521 0.0888671875 0.07797537619699042
0 0.587890625 0.32558139534883723 0.0634765625 0.058823529411764705
0 0.59423828125 0.46169630642954856 0.0498046875 0.09165526675786594
0 0.6474609375 0.3912448700410397 0.1533203125 0.14227086183310533
0 0.65234375 0.06634746922024624 0.087890625 0.06976744186046512
0 0.7490234375 0.259233926128591 0.1015625 0.08891928864569083
0 0.951171875 0.20656634746922026 0.0478515625 0.04514363885088919