0 0.1376953125 0.4487534626038781 0.0341796875 0.027700831024930747
0 0.296875 0.4473684210526316 0.01953125 0.0221606648199446
0 0.3369140625 0.45013850415512463 0.0146484375 0.01662049861495845
0 0.41015625 0.45221606648199447 0.01171875 0.013850415512465374
0 0.4287109375 0.4577562326869806 0.0087890625 0.00554016620498615
0 0.44140625 0.4404432132963989 0.00390625 0.008310249307479225
0 0.44970703125 0.4473684210526316 0.0087890625 0.009695290858725761
0 0.45947265625 0.44598337950138506 0.0107421875 0.008310249307479225
0 0.4912109375 0.4439058171745152 0.009765625 0.008310249307479225
0 0.51904296875 0.43698060941828254 0.01171875 0.0110803324099723
0 0.68212890625 0.1440443213296399 0.3330078125 0.2299168975069252
0 0.5400390625 0.4439058171745152 0.0185546875 0.008310249307479225
0 0.56005859375 0.42590027700831024 0.0126953125 0.0110803324099723
0 0.5859375 0.44182825484764543 0.009765625 0.0110803324099723
0 0.92626953125 0.2832409972299169 0.119140625 0.10664819944598337