0 0.0546875 0.7044270833333334 0.109375 0.11197916666666667
0 0.2099609375 0.3372395833333333 0.1015625 0.08203125
0 0.3330078125 0.271484375 0.0517578125 0.048177083333333336
0 0.4130859375 0.7643229166666666 0.1884765625 0.3072916666666667
0 0.4013671875 0.2604166666666667 0.0537109375 0.048177083333333336
0 0.43603515625 0.5065104166666666 0.1201171875 0.109375
0 0.4736328125 0.2740885416666667 0.060546875 0.053385416666666664
0 0.521484375 0.4186197916666667 0.1064453125 0.07552083333333333
0 0.55224609375 0.595703125 0.16015625 0.14713541666666666
0 0.55859375 0.408203125 0.0673828125 0.07942708333333333
0 0.5810546875 0.2591145833333333 0.060546875 0.0546875
0 0.80322265625 0.931640625 0.2421875 0.1328125
0 0.833984375 0.5651041666666666 0.15625 0.13020833333333334
0 0.93994140625 0.4798177083333333 0.1181640625 0.1015625
0 0.951171875 0.412109375 0.0966796875 0.09895833333333333
0 0.951171875 0.8430989583333334 0.0947265625 0.16927083333333334
0 0.97802734375 0.62109375 0.0419921875 0.09375