0 0.01123046875 0.19208211143695014 0.0224609375 0.07331378299120235
0 0.095703125 0.09090909090909091 0.0859375 0.08944281524926687
0 0.16015625 0.14076246334310852 0.052734375 0.09090909090909091
0 0.2392578125 0.19208211143695014 0.1708984375 0.17888563049853373
0 0.3984375 0.1158357771260997 0.1748046875 0.17008797653958943
0 0.5615234375 0.36656891495601174 0.04296875 0.06451612903225806
0 0.673828125 0.4560117302052786 0.0927734375 0.06744868035190615
0 0.6982421875 0.6642228739002932 0.087890625 0.08797653958944282
0 0.80859375 0.3548387096774194 0.103515625 0.08357771260997067
0 0.86328125 0.026392961876832845 0.087890625 0.05278592375366569
0 0.9306640625 0.3944281524926686 0.1298828125 0.15102639296187684