0 0.1630859375 0.9166666666666666 0.3076171875 0.16371681415929204
0 0.3193359375 0.46533923303834807 0.044921875 0.07374631268436578
0 0.37548828125 0.5530973451327433 0.048828125 0.048672566371681415
0 0.44482421875 0.474188790560472 0.037109375 0.06489675516224189
0 0.5390625 0.5265486725663717 0.083984375 0.11356932153392331
0 0.525390625 0.4026548672566372 0.048828125 0.06047197640117994
0 0.61962890625 0.7728613569321534 0.17578125 0.19321533923303835
0 0.69921875 0.47345132743362833 0.05078125 0.08112094395280237
0 0.7841796875 0.4557522123893805 0.0576171875 0.09144542772861357
0 0.8388671875 0.4491150442477876 0.037109375 0.07227138643067847
0 0.9248046875 0.6946902654867256 0.1484375 0.21238938053097345
0 0.89697265625 0.46828908554572274 0.0234375 0.05309734513274336
0 0.962890625 0.5154867256637168 0.072265625 0.05604719764011799
0 0.966796875 0.45206489675516226 0.052734375 0.09144542772861357