0 0.01708984375 0.771484375 0.0341796875 0.3151041666666667
0 0.09423828125 0.9680989583333334 0.1279296875 0.0625
0 0.24365234375 0.9348958333333334 0.103515625 0.08723958333333333
0 0.314453125 0.6790364583333334 0.0185546875 0.0078125
0 0.43115234375 0.9296875 0.2080078125 0.12760416666666666
0 0.4482421875 0.9739583333333334 0.171875 0.049479166666666664
0 0.4970703125 0.7819010416666666 0.0703125 0.053385416666666664
0 0.69775390625 0.7936197916666666 0.0859375 0.06770833333333333
0 0.69873046875 0.7213541666666666 0.0244140625 0.015625
0 0.830078125 0.8203125 0.087890625 0.08463541666666667
0 0.8095703125 0.6627604166666666 0.015625 0.010416666666666666
0 0.90966796875 0.7701822916666666 0.140625 0.12239583333333333
0 0.982421875 0.7389322916666666 0.0322265625 0.04296875