0 0.21630859375 0.4609375 0.150390625 0.12239583333333333
0 0.19677734375 0.197265625 0.0478515625 0.036458333333333336
0 0.26123046875 0.3470052083333333 0.1171875 0.07421875
0 0.23974609375 0.22200520833333334 0.0478515625 0.032552083333333336
0 0.28125 0.212890625 0.033203125 0.032552083333333336
0 0.3076171875 0.193359375 0.03125 0.041666666666666664
0 0.36328125 0.3313802083333333 0.1015625 0.07291666666666667
0 0.365234375 0.19986979166666666 0.0380859375 0.029947916666666668
0 0.46630859375 0.3326822916666667 0.0908203125 0.0546875
0 0.44775390625 0.189453125 0.0322265625 0.028645833333333332
0 0.5947265625 0.232421875 0.0224609375 0.024739583333333332
0 0.669921875 0.3509114583333333 0.0693359375 0.06380208333333333
0 0.662109375 0.3157552083333333 0.0439453125 0.03515625
0 0.689453125 0.3118489583333333 0.0361328125 0.044270833333333336
0 0.7314453125 0.322265625 0.048828125 0.044270833333333336
0 0.7353515625 0.302734375 0.0341796875 0.032552083333333336
0 0.7626953125 0.3001302083333333 0.029296875 0.032552083333333336
0 0.78759765625 0.3248697916666667 0.0302734375 0.029947916666666668
0 0.81396484375 0.322265625 0.0166015625 0.0234375
0 0.84033203125 0.275390625 0.029296875 0.024739583333333332
0 0.87255859375 0.2766927083333333 0.0185546875 0.029947916666666668